Сценарий: λ=3.0 конт./ч, T=8760 ч, обычных 2×100 т, повыш. ГП 1×300 т, дообслуживание=да, прогонов 100

 seed |     R1 |      R2 |        R3 |     R4, ч | дообсл,ч
-----------------------------------------------------------
    1 |   3271 |  0.2479 |     17.48 |     5.860 |      8.4
    2 |   3276 |  0.2476 |     23.47 |     7.866 |     18.6
    3 |   3325 |  0.2460 |     22.29 |     7.350 |      7.3
    4 |   3311 |  0.2449 |     22.34 |     7.426 |      8.3
    5 |   3296 |  0.2415 |     29.28 |     9.799 |     21.4
    6 |   3290 |  0.2486 |     28.94 |     9.658 |     36.3
    7 |   3301 |  0.2417 |     18.30 |     6.098 |      4.0
    8 |   3312 |  0.2388 |     17.93 |     5.970 |      5.6
    9 |   3329 |  0.2415 |     21.13 |     7.008 |     18.2
   10 |   3335 |  0.2387 |     18.61 |     6.192 |     25.7
   11 |   3316 |  0.2403 |     17.80 |     5.936 |      2.0
   12 |   3264 |  0.2503 |     15.42 |     5.166 |     23.2
   13 |   3265 |  0.2472 |     21.27 |     7.123 |     13.0
   14 |   3287 |  0.2449 |     21.15 |     7.062 |     30.3
   15 |   3264 |  0.2543 |     21.48 |     7.152 |      7.4
   16 |   3263 |  0.2510 |     20.63 |     6.889 |      6.7
   17 |   3384 |  0.2281 |     20.47 |     6.802 |     15.0
   18 |   3330 |  0.2408 |     19.58 |     6.492 |     17.3
   19 |   3245 |  0.2552 |     20.36 |     6.784 |      8.7
   20 |   3292 |  0.2397 |     27.90 |     9.366 |     14.9
   21 |   3282 |  0.2392 |     30.97 |    10.450 |      5.7
   22 |   3279 |  0.2345 |     20.52 |     6.959 |     28.4
   23 |   3269 |  0.2536 |     24.20 |     8.059 |     22.3
   24 |   3307 |  0.2383 |     25.04 |     8.357 |     10.0
   25 |   3271 |  0.2458 |     16.42 |     5.528 |     30.4
   26 |   3270 |  0.2514 |     19.94 |     6.627 |      5.8
   27 |   3288 |  0.2460 |     21.14 |     7.066 |      6.2
   28 |   3310 |  0.2363 |     16.98 |     5.698 |     31.9
   29 |   3301 |  0.2411 |     19.57 |     6.549 |     11.2
   30 |   3297 |  0.2345 |     15.40 |     5.190 |     19.2
   31 |   3300 |  0.2373 |     23.93 |     8.045 |      8.0
   32 |   3301 |  0.2348 |     19.31 |     6.498 |     10.3
   33 |   3298 |  0.2459 |     21.69 |     7.227 |      4.9
   34 |   3303 |  0.2461 |     22.73 |     7.562 |     16.5
   35 |   3300 |  0.2479 |     19.13 |     6.335 |      3.5
   36 |   3306 |  0.2417 |     22.25 |     7.422 |     30.5
   37 |   3290 |  0.2441 |     26.60 |     8.888 |      9.1
   38 |   3281 |  0.2542 |     20.95 |     6.928 |      9.1
   39 |   3298 |  0.2441 |     18.98 |     6.303 |      3.8
   40 |   3290 |  0.2489 |     20.29 |     6.741 |      5.0
   41 |   3309 |  0.2357 |     18.06 |     6.056 |     14.0
   42 |   3270 |  0.2517 |     25.93 |     8.665 |     34.9
   43 |   3273 |  0.2502 |     27.84 |     9.316 |     22.9
   44 |   3319 |  0.2413 |     24.62 |     8.217 |     10.0
   45 |   3321 |  0.2451 |     20.99 |     6.967 |     40.8
   46 |   3279 |  0.2492 |     18.61 |     6.195 |      9.6
   47 |   3282 |  0.2434 |     24.89 |     8.366 |     11.1
   48 |   3296 |  0.2439 |     23.46 |     7.848 |     13.9
   49 |   3324 |  0.2407 |     20.17 |     6.702 |     30.4
   50 |   3290 |  0.2386 |     21.32 |     7.200 |     18.3
   51 |   3277 |  0.2447 |     23.21 |     7.792 |     21.6
   52 |   3351 |  0.2319 |     18.93 |     6.314 |     18.2
   53 |   3264 |  0.2472 |     18.38 |     6.178 |     12.8
   54 |   3304 |  0.2436 |     26.04 |     8.676 |     12.6
   55 |   3362 |  0.2394 |     18.82 |     6.211 |     28.9
   56 |   3288 |  0.2494 |     17.84 |     5.936 |     20.8
   57 |   3280 |  0.2521 |     26.04 |     8.664 |     23.4
   58 |   3277 |  0.2447 |     21.24 |     7.136 |     26.1
   59 |   3285 |  0.2460 |     26.89 |     8.979 |      9.1
   60 |   3280 |  0.2430 |     20.95 |     7.051 |     33.0
   61 |   3329 |  0.2430 |     20.05 |     6.638 |     20.7
   62 |   3292 |  0.2427 |     23.15 |     7.762 |      9.0
   63 |   3352 |  0.2378 |     20.29 |     6.722 |     22.4
   64 |   3286 |  0.2495 |     21.50 |     7.151 |     19.1
   65 |   3253 |  0.2459 |     19.88 |     6.708 |     25.1
   66 |   3290 |  0.2432 |     16.79 |     5.634 |     20.6
   67 |   3327 |  0.2332 |     21.32 |     7.164 |      8.4
   68 |   3288 |  0.2375 |     17.92 |     6.043 |     29.0
   69 |   3276 |  0.2543 |     21.32 |     7.065 |      3.9
   70 |   3307 |  0.2434 |     32.79 |    10.886 |      6.5
   71 |   3307 |  0.2347 |     16.02 |     5.382 |     11.5
   72 |   3264 |  0.2543 |     20.59 |     6.857 |     19.1
   73 |   3281 |  0.2450 |     16.20 |     5.417 |     11.8
   74 |   3285 |  0.2420 |     20.78 |     6.994 |     35.2
   75 |   3298 |  0.2462 |     20.17 |     6.726 |     33.3
   76 |   3307 |  0.2398 |     19.09 |     6.391 |     18.0
   77 |   3301 |  0.2439 |     28.73 |     9.564 |     24.4
   78 |   3262 |  0.2437 |     18.19 |     6.125 |      1.2
   79 |   3326 |  0.2393 |     33.10 |    11.032 |     15.1
   80 |   3277 |  0.2478 |     20.83 |     6.935 |      6.2
   81 |   3270 |  0.2456 |     20.23 |     6.793 |     17.5
   82 |   3332 |  0.2368 |     26.91 |     8.951 |     22.5
   83 |   3280 |  0.2470 |     21.00 |     7.011 |     24.9
   84 |   3272 |  0.2472 |     21.72 |     7.312 |     27.0
   85 |   3240 |  0.2531 |     23.89 |     8.036 |     23.0
   86 |   3238 |  0.2563 |     23.80 |     7.971 |      7.8
   87 |   3335 |  0.2339 |     17.73 |     5.922 |     20.8
   88 |   3272 |  0.2476 |     23.35 |     7.827 |     29.2
   89 |   3259 |  0.2427 |     18.40 |     6.222 |     16.6
   90 |   3287 |  0.2388 |     23.64 |     7.963 |     13.0
   91 |   3294 |  0.2392 |     22.12 |     7.417 |     18.0
   92 |   3291 |  0.2400 |     24.61 |     8.258 |     47.0
   93 |   3317 |  0.2454 |     20.00 |     6.610 |      6.2
   94 |   3288 |  0.2433 |     20.30 |     6.805 |     23.2
   95 |   3295 |  0.2407 |     20.89 |     7.015 |     39.4
   96 |   3307 |  0.2449 |     19.11 |     6.356 |     10.3
   97 |   3311 |  0.2504 |     22.22 |     7.334 |     12.5
   98 |   3308 |  0.2430 |     21.74 |     7.245 |     18.2
   99 |   3281 |  0.2505 |     21.25 |     7.071 |     16.4
  100 |   3342 |  0.2361 |     22.60 |     7.521 |     17.6

================================================================================================
СТАТИСТИКА ОТКЛИКОВ ПО 100 ПРОГОНАМ (95% ДИ = m ± t·s/√N)
================================================================================================
Отклик                                   |     среднее |       СКО |        мин |       макс |      ±ДИ
------------------------------------------------------------------------------------------------
R1 число рейсов (адд.)                   |   3294.5500 |   25.8404 |  3238.0000 |  3384.0000 |   5.1345
R2 доля рейсов повыш. ГП (адд.)          |      0.2439 |    0.0057 |     0.2281 |     0.2563 |   0.0011
R3 ср. контейнеров на складе (непр.)     |     21.6033 |    3.5802 |    15.4030 |    33.1042 |   0.7114
R4 ср. время ожидания, ч (дискр.)        |      7.2174 |    1.1952 |     5.1662 |    11.0319 |   0.2375
------------------------------------------------------------------------------------------------
Баланс «прибыло = вывезено + склад + в самолётах»: макс. расхождение 6.17e-09 т
Результаты: out\results_replications.csv
Рисунки:
  out\fig1_hist_R1.png
  out\fig2_hist_R2.png
  out\fig3_series.png
  out\fig4_hist_R4.png
  out\fig5_boxplots.png
  out\fig6_conv.png
  out\fig7_CI.png
  out\fig8_gantt.png
  out\fig9_dynamics_base.png
  out\fig10_dynamics_overload.png
Готово.
